11122
11211
11211
11211
11222
11222
11222
11222
12112
12121
12121
12131
12133
12141
12142
13111
13131
13211
13211
13212
13212
13212
13221
13221
13222
13222
13232
13233
32115
32214
32241
33111
33313
42111
42113
42113
42113
42113
42113
42114
42114
42114
42114
42114
42114
42114
42121
42121
42121
42121
42121
42121
42122
42123
42124
42211
42212
42222
42233
43113
43114
43211
43221
43311
43311
43312
43312
44114
44131
44132
44133
44134
44135
44212
44212
44316
44321
44331
47331
52221
52311
53111
53131
53212
53213
61222
61222
61223
61231
61231
61231
61231
61231
61231
61231
61231
61231
61231
61232
61232
61232
61311
